65
65
4367 4195 4096 4015 3953 3887 3816 3762 3682 3656 3612 3568 3509 3464 3412 3360 3289 3242 3172 3104 3022 2983 2929 2886 2820 2802 2773 2741 2712 2697 2677 2666 2655 2584 2521 2470 2409 2350 2275 2201 2099 2068 2002 1943 1860 1811 1740 1681 1584 1561 1517 1464 1401 1367 1308 1260 1180 1172 1135 1094 1053 1019 972 922 845 
4189 4124 4121 3998 3993 3893 3862 3790 3772 3676 3646 3583 3558 3471 3449 3381 3360 3265 3212 3119 3099 3000 2969 2909 2888 2813 2783 2740 2732 2702 2686 2668 2639 2577 2553 2481 2456 2367 2324 2231 2218 2103 2054 1968 1942 1835 1797 1719 1694 1583 1545 1476 1469 1393 1365 1293 1278 1202 1154 1094 1087 1033 1013 949 918 
4078 4036 3998 3974 3988 3883 3815 3804 3807 3713 3646 3592 3566 3491 3438 3402 3385 3278 3176 3127 3106 3011 2945 2919 2902 2830 2759 2733 2716 2689 2664 2654 2636 2571 2499 2478 2457 2371 2289 2271 2263 2150 2048 1996 1963 1863 1777 1754 1737 1634 1537 1506 1491 1425 1375 1333 1312 1224 1142 1109 1087 1048 1020 983 960 
3975 3947 3948 3913 3890 3838 3852 3804 3789 3723 3681 3573 3551 3490 3470 3405 3377 3288 3239 3108 3074 2995 2993 2921 2909 2849 2810 2717 2704 2677 2676 2648 2638 2572 2552 2476 2432 2371 2361 2303 2271 2188 2138 2008 1966 1880 1870 1785 1765 1682 1644 1523 1492 1442 1420 1353 1324 1241 1212 1114 1089 1054 1042 1004 993 
3900 3878 3855 3839 3812 3794 3779 3783 3816 3700 3623 3559 3498 3463 3421 3392 3377 3277 3176 3105 3017 2994 2953 2930 2924 2842 2773 2725 2663 2673 2665 2661 2669 2592 2526 2471 2385 2362 2316 2305 2306 2194 2095 2019 1928 1900 1852 1827 1817 1719 1637 1557 1469 1444 1395 1363 1330 1256 1182 1126 1046 1052 1023 1018 1016 
3817 3812 3800 3776 3775 3747 3742 3733 3693 3638 3633 3545 3535 3445 3421 3368 3349 3267 3235 3122 3108 3014 2970 2924 2889 2825 2811 2747 2743 2689 2670 2665 2648 2602 2580 2499 2474 2379 2346 2298 2262 2187 2160 2046 2036 1942 1903 1856 1819 1742 1711 1600 1579 1470 1430 1375 1342 1272 1244 1164 1152 1085 1053 1029 1036 
3741 3732 3713 3712 3724 3691 3676 3652 3622 3583 3533 3520 3528 3440 3374 3355 3340 3258 3177 3133 3120 3008 2927 2885 2855 2796 2749 2747 2764 2704 2665 2669 2662 2610 2553 2512 2493 2393 2324 2286 2247 2170 2101 2065 2061 1961 1887 1858 1828 1755 1687 1628 1610 1493 1408 1361 1327 1266 1211 1187 1180 1113 1052 1059 1065 
3672 3663 3657 3638 3634 3619 3617 3579 3576 3541 3525 3477 3453 3415 3403 3339 3318 3248 3206 3115 3066 2971 2951 2837 2811 2755 2767 2730 2714 2698 2707 2685 2675 2623 2585 2506 2466 2379 2364 2275 2231 2147 2128 2054 2015 1956 1941 1863 1841 1763 1723 1618 1580 1485 1456 1337 1316 1256 1250 1195 1177 1135 1127 1090 1084 
3612 3599 3586 3580 3569 3561 3549 3528 3510 3491 3460 3429 3389 3367 3332 3314 3312 3213 3124 3071 3002 2944 2878 2817 2728 2741 2729 2708 2681 2685 2684 2693 2729 2629 2549 2497 2429 2378 2312 2261 2178 2136 2064 2019 1952 1927 1885 1864 1852 1763 1686 1617 1531 1472 1392 1340 1263 1258 1224 1201 1167 1144 1104 1099 1099 
3548 3536 3531 3529 3523 3508 3498 3475 3480 3455 3431 3392 3384 3332 3312 3273 3242 3169 3143 3046 3027 2927 2903 2826 2825 2755 2724 2695 2698 2679 2675 2676 2651 2617 2594 2505 2481 2394 2355 2280 2255 2155 2101 2006 1993 1918 1894 1857 1825 1754 1728 1633 1600 1482 1447 1369 1365 1289 1257 1219 1210 1170 1145 1104 1106 
3496 3473 3450 3466 3472 3452 3442 3437 3442 3404 3370 3353 3352 3298 3255 3222 3194 3118 3048 3014 3012 2918 2858 2837 2842 2772 2721 2703 2689 2676 2664 2656 2627 2584 2525 2493 2479 2390 2318 2291 2273 2164 2065 2010 1986 1904 1849 1830 1804 1735 1676 1623 1599 1494 1408 1403 1413 1329 1257 1240 1230 1181 1139 1122 1116 
3435 3413 3419 3415 3399 3389 3398 3392 3383 3351 3345 3301 3290 3255 3228 3168 3142 3062 3042 2953 2927 2877 2879 2823 2820 2771 2763 2707 2697 2674 2669 2657 2632 2567 2544 2466 2436 2370 2360 2293 2253 2163 2114 1985 1942 1865 1869 1812 1787 1708 1678 1587 1553 1489 1490 1422 1412 1360 1335 1255 1230 1188 1177 1131 1119 
3396 3370 3353 3352 3345 3343 3339 3345 3347 3306 3287 3256 3236 3189 3137 3109 3086 3019 2961 2902 2833 2831 2806 2805 2829 2769 2733 2707 2686 2671 2657 2653 2640 2574 2516 2454 2385 2347 2301 2267 2240 2137 2036 1957 1853 1844 1814 1789 1781 1689 1614 1553 1461 1471 1450 1440 1458 1374 1312 1264 1222 1192 1162 1130 1110 
3331 3321 3318 3295 3302 3302 3303 3302 3275 3242 3236 3201 3186 3128 3105 3046 3036 2969 2939 2862 2871 2809 2788 2765 2758 2744 2743 2703 2700 2669 2673 2661 2630 2575 2535 2452 2434 2335 2304 2235 2205 2110 2073 1955 1945 1846 1795 1751 1724 1653 1631 1552 1550 1484 1453 1432 1408 1366 1351 1269 1263 1198 1168 1118 1111 
3276 3265 3261 3253 3261 3255 3263 3239 3220 3189 3155 3145 3128 3070 3011 2998 2993 2919 2839 2841 2855 2788 2745 2729 2720 2703 2697 2689 2697 2674 2678 2655 2630 2562 2475 2446 2433 2336 2263 2216 2177 2081 1988 1957 1946 1832 1733 1710 1679 1614 1541 1540 1552 1480 1436 1408 1386 1346 1311 1275 1273 1197 1137 1118 1106 
3207 3205 3205 3197 3194 3195 3190 3173 3173 3139 3130 3096 3066 3016 3003 2944 2919 2876 2866 2808 2776 2746 2740 2686 2672 2651 2662 2660 2659 2654 2654 2651 2644 2568 2518 2427 2382 2315 2287 2190 2143 2049 2030 1939 1889 1804 1785 1679 1636 1583 1574 1516 1488 1448 1443 1378 1358 1323 1304 1247 1231 1183 1176 1113 1096 
3141 3141 3143 3134 3124 3132 3132 3122 3118 3085 3065 3036 2999 2969 2926 2898 2846 2827 2787 2761 2713 2701 2674 2652 2607 2621 2620 2622 2626 2617 2617 2630 2682 2546 2447 2386 2314 2276 2210 2157 2073 2030 1958 1904 1826 1783 1713 1653 1552 1559 1521 1497 1450 1429 1395 1357 1298 1297 1260 1234 1186 1172 1138 1110 1071 
3075 3075 3074 3075 3080 3077 3073 3066 3051 3020 3018 2986 2978 2935 2925 2879 2865 2800 2783 2739 2726 2672 2665 2643 2635 2609 2588 2583 2577 2574 2573 2570 2533 2487 2471 2357 2354 2265 2231 2157 2141 2043 1988 1894 1882 1792 1747 1669 1668 1581 1544 1502 1475 1424 1398 1360 1354 1309 1284 1244 1232 1182 1161 1118 1097 
3011 3013 3008 3014 3026 3021 3026 3001 2988 2969 2951 2939 2929 2898 2889 2865 2858 2798 2750 2722 2709 2658 2634 2617 2617 2581 2553 2541 2533 2525 2522 2498 2459 2422 2360 2341 2347 2257 2190 2171 2156 2053 1945 1907 1887 1788 1703 1706 1710 1620 1544 1498 1455 1405 1358 1356 1352 1318 1288 1253 1245 1197 1161 1131 1104 
2962 2960 2956 2948 2951 2956 2948 2927 2931 2920 2912 2891 2870 2842 2850 2834 2825 2785 2758 2691 2667 2619 2617 2576 2571 2546 2535 2495 2483 2473 2469 2444 2429 2383 2362 2302 2271 2226 2232 2184 2155 2070 2023 1905 1852 1773 1790 1744 1714 1645 1602 1492 1457 1385 1389 1356 1348 1325 1295 1238 1230 1200 1187 1144 1120 
2915 2910 2908 2904 2892 2895 2883 2872 2852 2854 2849 2830 2798 2800 2795 2790 2794 2744 2698 2657 2609 2583 2566 2544 2530 2503 2484 2453 2412 2427 2427 2403 2370 2343 2305 2260 2196 2187 2174 2164 2177 2058 1964 1890 1787 1782 1758 1755 1767 1658 1561 1494 1409 1394 1360 1352 1355 1306 1266 1231 1196 1183 1161 1137 1112 
2869 2858 2865 2870 2863 2850 2843 2828 2821 2798 2797 2784 2783 2766 2750 2738 2724 2699 2680 2630 2611 2541 2527 2507 2491 2453 2451 2421 2422 2397 2387 2374 2363 2316 2295 2239 2224 2155 2141 2123 2092 2024 2013 1905 1900 1810 1781 1753 1721 1661 1627 1515 1506 1423 1382 1337 1313 1280 1271 1226 1222 1178 1160 1131 1119 
2834 2826 2817 2829 2826 2814 2802 2789 2776 2764 2755 2741 2735 2718 2699 2688 2667 2639 2599 2586 2576 2510 2453 2446 2439 2414 2401 2390 2387 2372 2365 2346 2335 2289 2257 2215 2199 2139 2093 2072 2050 1993 1948 1912 1921 1828 1775 1750 1712 1648 1567 1534 1526 1424 1360 1308 1275 1248 1225 1219 1220 1175 1136 1124 1116 
2800 2796 2798 2803 2792 2781 2771 2750 2744 2729 2721 2693 2688 2673 2671 2651 2638 2591 2581 2540 2517 2472 2458 2386 2374 2364 2369 2351 2346 2342 2331 2312 2297 2248 2231 2167 2152 2110 2091 2024 2007 1951 1939 1874 1854 1808 1810 1760 1737 1652 1615 1528 1474 1389 1368 1260 1245 1214 1216 1205 1190 1166 1161 1116 1101 
2772 2762 2762 2767 2770 2747 2727 2716 2697 2696 2689 2664 2634 2633 2627 2620 2613 2568 2526 2499 2460 2440 2400 2360 2293 2325 2324 2310 2292 2290 2285 2271 2266 2218 2176 2132 2076 2064 2033 2002 1963 1926 1883 1846 1787 1779 1752 1752 1762 1651 1568 1499 1412 1367 1300 1238 1146 1181 1172 1179 1166 1159 1144 1114 1071 
2729 2720 2729 2734 2720 2712 2713 2691 2687 2670 2660 2641 2635 2599 2596 2589 2578 2542 2525 2470 2471 2429 2411 2361 2359 2321 2290 2275 2264 2243 2234 2221 2211 2185 2167 2112 2105 2040 2016 1988 1972 1910 1897 1841 1828 1770 1754 1736 1694 1623 1602 1490 1479 1370 1328 1247 1260 1192 1175 1174 1168 1160 1154 1125 1106 
2697 2692 2692 2687 2675 2675 2679 2662 2663 2643 2633 2616 2611 2577 2565 2559 2554 2518 2475 2463 2462 2418 2395 2367 2357 2309 2271 2242 2215 2198 2180 2172 2155 2132 2106 2092 2093 2023 1960 1963 1958 1909 1877 1839 1820 1764 1724 1700 1668 1601 1534 1491 1488 1376 1283 1286 1301 1236 1191 1183 1168 1165 1165 1141 1122 
2661 2660 2657 2647 2643 2634 2627 2615 2619 2609 2605 2580 2564 2535 2542 2529 2525 2504 2487 2446 2429 2389 2385 2357 2335 2288 2269 2207 2198 2156 2153 2132 2120 2085 2084 2059 2041 2000 1996 1946 1930 1894 1873 1819 1799 1743 1726 1672 1651 1580 1548 1452 1421 1365 1370 1314 1304 1261 1248 1201 1183 1167 1162 1154 1135 
2627 2631 2625 2613 2599 2594 2586 2580 2573 2575 2568 2545 2511 2509 2496 2498 2504 2467 2444 2421 2406 2367 2333 2319 2303 2264 2224 2190 2159 2133 2110 2094 2084 2059 2038 2021 2001 1972 1946 1928 1920 1869 1823 1790 1759 1712 1669 1642 1628 1556 1492 1421 1334 1338 1315 1322 1360 1278 1232 1206 1173 1171 1162 1148 1130 
2604 2612 2601 2582 2582 2560 2560 2549 2557 2550 2540 2522 2520 2497 2479 2463 2446 2417 2415 2389 2382 2341 2326 2286 2275 2242 2220 2173 2163 2109 2084 2052 2046 2029 2016 1989 1981 1941 1937 1903 1883 1841 1825 1761 1746 1679 1651 1602 1584 1524 1499 1409 1414 1338 1315 1302 1281 1261 1260 1218 1214 1184 1171 1148 1146 
2573 2577 2584 2571 2563 2552 2533 2539 2544 2529 2515 2501 2495 2471 2446 2425 2408 2378 2353 2354 2356 2309 2271 2248 2239 2201 2163 2148 2149 2086 2019 2007 1995 1977 1962 1958 1957 1925 1903 1869 1844 1804 1779 1739 1723 1644 1567 1553 1544 1482 1435 1408 1417 1335 1286 1269 1248 1228 1204 1206 1224 1194 1180 1165 1162 
2531 2542 2551 2557 2561 2552 2542 2532 2525 2507 2501 2474 2471 2447 2431 2384 2372 2337 2342 2318 2300 2271 2255 2196 2186 2162 2150 2109 2103 2068 2042 1962 1947 1925 1936 1924 1917 1902 1879 1827 1804 1752 1745 1694 1666 1608 1587 1501 1468 1427 1424 1371 1346 1300 1303 1240 1224 1201 1203 1181 1182 1189 1186 1172 1160 
2480 2511 2532 2543 2551 2540 2524 2525 2530 2498 2479 2458 2448 2424 2400 2365 2324 2318 2306 2288 2259 2237 2200 2168 2117 2114 2091 2084 2073 2034 1991 1945 1883 1903 1900 1891 1880 1860 1830 1794 1734 1725 1691 1650 1586 1568 1519 1465 1377 1386 1354 1333 1281 1277 1256 1220 1171 1186 1184 1173 1154 1162 1161 1152 1146 
2486 2493 2505 2534 2524 2534 2530 2514 2499 2478 2466 2433 2434 2403 2387 2355 2354 2308 2297 2270 2256 2220 2198 2161 2146 2089 2080 2064 2050 2004 1994 1947 1952 1906 1882 1863 1857 1828 1824 1785 1778 1725 1689 1632 1627 1559 1529 1466 1469 1389 1363 1326 1315 1273 1254 1216 1222 1188 1175 1173 1162 1146 1138 1129 1133 
2487 2492 2515 2508 2498 2507 2524 2496 2480 2450 2426 2419 2422 2385 2344 2349 2354 2311 2288 2256 2229 2191 2153 2141 2137 2086 2052 2048 2043 1995 1952 1955 1965 1910 1876 1855 1837 1814 1805 1781 1773 1710 1665 1637 1626 1562 1508 1495 1502 1424 1363 1333 1307 1273 1248 1230 1229 1194 1168 1157 1147 1132 1124 1122 1126 
2466 2475 2478 2488 2488 2474 2469 2466 2457 2418 2419 2395 2385 2373 2369 2343 2330 2296 2283 2238 2210 2163 2155 2113 2104 2067 2069 2036 2020 1981 1984 1958 1930 1893 1889 1847 1823 1787 1777 1761 1737 1679 1672 1625 1600 1556 1555 1504 1492 1442 1418 1336 1311 1264 1264 1229 1222 1194 1181 1141 1127 1112 1115 1112 1115 
2436 2448 2463 2461 2476 2450 2440 2434 2421 2403 2386 2371 2348 2348 2340 2335 2337 2284 2246 2207 2152 2141 2118 2098 2084 2056 2037 2022 2014 1979 1955 1940 1920 1884 1854 1821 1784 1757 1725 1717 1704 1657 1614 1591 1557 1548 1534 1518 1514 1446 1392 1343 1282 1276 1259 1239 1220 1193 1162 1132 1088 1099 1089 1096 1109 
2419 2421 2415 2419 2421 2412 2419 2409 2408 2388 2379 2358 2356 2333 2334 2323 2300 2258 2249 2194 2186 2132 2112 2079 2066 2037 2031 2004 2004 1968 1962 1930 1916 1870 1847 1802 1790 1732 1711 1679 1668 1632 1619 1570 1576 1546 1535 1522 1494 1439 1431 1363 1356 1300 1270 1251 1236 1198 1182 1140 1137 1108 1087 1077 1086 
2401 2395 2387 2390 2392 2392 2381 2392 2397 2375 2351 2345 2350 2333 2334 2306 2282 2244 2207 2185 2172 2122 2086 2054 2031 2013 1999 2000 2007 1965 1937 1922 1909 1855 1798 1785 1772 1711 1650 1641 1639 1600 1572 1566 1577 1540 1518 1500 1482 1439 1409 1380 1371 1304 1248 1244 1239 1201 1173 1150 1140 1107 1077 1074 1073 
2375 2372 2371 2363 2375 2386 2381 2381 2377 2367 2357 2324 2322 2318 2312 2287 2282 2231 2219 2169 2143 2098 2081 2020 2005 1987 1999 1991 1977 1949 1948 1914 1896 1846 1829 1771 1745 1692 1672 1597 1580 1560 1565 1545 1528 1520 1511 1478 1477 1427 1415 1377 1349 1298 1292 1240 1224 1194 1183 1148 1139 1106 1098 1072 1069 
2352 2349 2348 2354 2367 2366 2366 2370 2382 2354 2340 2316 2295 2299 2295 2285 2279 2231 2197 2157 2101 2083 2036 1999 1929 1973 1989 1983 1970 1945 1924 1910 1887 1843 1793 1763 1722 1678 1627 1582 1513 1531 1516 1510 1477 1482 1469 1470 1485 1421 1374 1353 1315 1289 1261 1238 1215 1181 1151 1136 1130 1100 1077 1069 1063 
2329 2325 2336 2340 2338 2346 2350 2353 2344 2327 2327 2307 2309 2290 2284 2280 2257 2218 2204 2161 2151 2098 2070 2013 2023 1988 1979 1983 1966 1938 1941 1915 1898 1847 1827 1769 1747 1672 1653 1594 1592 1536 1514 1502 1488 1464 1457 1450 1422 1400 1391 1349 1337 1285 1276 1238 1218 1166 1156 1118 1115 1087 1080 1064 1055 
2312 2317 2328 2317 2318 2321 2334 2334 2331 2315 2295 2295 2300 2282 2272 2258 2237 2197 2161 2144 2148 2100 2070 2048 2058 2025 2018 1989 1955 1949 1943 1922 1906 1846 1805 1767 1756 1677 1625 1608 1612 1548 1505 1488 1472 1449 1438 1407 1371 1350 1330 1330 1340 1288 1266 1229 1210 1165 1128 1109 1104 1068 1040 1043 1039 
2291 2304 2295 2285 2289 2288 2302 2320 2313 2308 2298 2280 2273 2267 2263 2243 2217 2174 2159 2108 2100 2087 2083 2054 2061 2037 2032 2003 1988 1963 1946 1925 1890 1828 1813 1741 1717 1656 1658 1603 1591 1540 1527 1473 1458 1423 1404 1370 1346 1299 1307 1302 1283 1262 1251 1202 1199 1157 1142 1086 1072 1041 1050 1030 1028 
2258 2273 2279 2271 2258 2270 2285 2295 2291 2287 2275 2264 2253 2249 2244 2217 2182 2154 2118 2089 2045 2060 2045 2059 2085 2046 2030 2001 1971 1964 1944 1913 1867 1825 1777 1733 1667 1652 1617 1603 1598 1536 1485 1458 1433 1395 1352 1322 1279 1269 1259 1250 1241 1226 1201 1186 1174 1145 1118 1080 1035 1035 1026 1022 1015 
2249 2251 2250 2262 2258 2250 2262 2285 2278 2274 2268 2248 2249 2232 2229 2202 2196 2145 2125 2087 2092 2063 2046 2053 2038 2035 2032 2002 2003 1978 1955 1917 1897 1829 1804 1748 1733 1670 1638 1597 1572 1521 1502 1444 1429 1374 1338 1290 1278 1239 1216 1200 1203 1200 1193 1169 1159 1131 1120 1082 1079 1038 1026 1019 1018 
2238 2235 2232 2240 2241 2247 2257 2272 2269 2271 2261 2250 2244 2234 2230 2204 2194 2139 2087 2089 2101 2059 2023 2030 2020 2017 2007 2001 2003 1974 1957 1923 1901 1835 1772 1750 1737 1674 1620 1586 1555 1503 1447 1429 1413 1338 1258 1242 1232 1186 1149 1157 1154 1158 1164 1145 1138 1115 1095 1081 1080 1042 1014 1020 1022 
2218 2220 2225 2226 2228 2240 2251 2278 2280 2282 2264 2249 2244 2231 2219 2191 2180 2131 2131 2084 2074 2052 2057 2025 2015 2008 2005 1994 1982 1961 1950 1920 1905 1840 1817 1745 1719 1669 1652 1573 1552 1491 1474 1412 1380 1310 1282 1189 1155 1124 1147 1128 1115 1117 1116 1110 1106 1096 1089 1067 1059 1038 1041 1026 1019 
2196 2212 2216 2216 2217 2233 2245 2267 2303 2276 2257 2249 2237 2228 2213 2189 2168 2143 2115 2092 2075 2062 2051 2032 2007 2006 2000 1984 1966 1947 1919 1913 1904 1843 1784 1748 1690 1672 1632 1583 1526 1491 1439 1402 1352 1294 1219 1162 1050 1104 1105 1096 1066 1087 1086 1078 1055 1067 1058 1054 1037 1032 1022 1018 1009 
2205 2218 2210 2206 2216 2230 2223 2243 2242 2262 2272 2256 2252 2232 2217 2185 2185 2159 2138 2095 2095 2072 2063 2045 2041 2011 2003 1977 1971 1945 1927 1909 1889 1846 1834 1776 1759 1698 1660 1601 1584 1508 1478 1406 1386 1297 1274 1193 1199 1139 1098 1088 1084 1079 1066 1061 1062 1060 1053 1054 1044 1031 1028 1016 1010 
2203 2209 2220 2209 2213 2212 2205 2219 2220 2242 2269 2261 2264 2239 2217 2198 2185 2161 2130 2106 2100 2082 2062 2060 2060 2033 2020 1983 1965 1933 1891 1892 1885 1846 1813 1790 1779 1706 1653 1619 1596 1528 1472 1429 1403 1320 1256 1244 1247 1177 1115 1093 1066 1060 1060 1049 1043 1042 1046 1039 1036 1027 1031 1009 1005 
2197 2195 2199 2197 2202 2200 2203 2211 2205 2217 2231 2258 2259 2244 2236 2207 2198 2172 2149 2102 2102 2094 2090 2074 2065 2042 2019 1973 1967 1934 1920 1886 1872 1841 1828 1793 1762 1697 1688 1628 1608 1539 1513 1438 1398 1324 1332 1282 1263 1208 1181 1106 1074 1038 1041 1033 1028 1019 1017 1020 1022 1011 1000 987 979 
2195 2198 2204 2195 2193 2197 2189 2194 2190 2214 2232 2246 2267 2242 2230 2211 2196 2165 2137 2105 2083 2091 2092 2080 2085 2036 2003 1971 1944 1921 1898 1883 1873 1831 1795 1775 1746 1693 1651 1631 1612 1542 1479 1432 1359 1347 1321 1312 1306 1232 1166 1116 1039 1040 1030 1017 1002 993 988 993 1012 984 967 959 946 
2194 2199 2197 2189 2197 2206 2199 2189 2201 2218 2210 2230 2217 2229 2227 2212 2195 2155 2138 2100 2113 2098 2087 2069 2054 2014 2008 1967 1959 1911 1904 1875 1858 1815 1801 1766 1743 1681 1674 1633 1604 1540 1519 1452 1443 1385 1362 1339 1309 1250 1228 1153 1134 1053 1029 1006 993 964 963 954 953 946 954 937 919 
2190 2196 2208 2196 2192 2199 2211 2197 2208 2205 2203 2193 2180 2191 2200 2196 2185 2147 2102 2102 2119 2101 2099 2066 2043 2002 1966 1960 1956 1911 1886 1861 1844 1800 1751 1744 1732 1674 1636 1612 1594 1527 1475 1458 1456 1401 1365 1348 1327 1268 1204 1172 1164 1077 1019 995 974 951 933 932 926 921 921 895 875 
2181 2187 2189 2195 2187 2188 2178 2180 2192 2193 2174 2161 2162 2156 2169 2187 2176 2148 2129 2089 2090 2088 2079 2056 2042 1988 1985 1952 1925 1893 1882 1842 1829 1790 1773 1730 1699 1650 1644 1588 1561 1502 1502 1451 1434 1401 1397 1361 1350 1293 1252 1169 1134 1074 1060 981 970 934 936 917 908 893 875 847 827 
2168 2176 2184 2177 2157 2163 2155 2163 2187 2157 2135 2135 2129 2138 2155 2164 2171 2128 2097 2091 2081 2075 2056 2042 2027 1987 1958 1931 1890 1869 1840 1817 1798 1764 1730 1705 1668 1642 1606 1571 1519 1494 1461 1438 1412 1390 1372 1363 1383 1292 1219 1159 1089 1064 1024 989 948 938 921 903 890 864 836 804 759 
2158 2165 2168 2174 2165 2152 2136 2132 2121 2116 2120 2115 2114 2114 2126 2144 2122 2099 2111 2100 2095 2076 2061 2029 2019 1977 1969 1924 1908 1854 1830 1789 1785 1741 1734 1692 1683 1645 1621 1571 1557 1495 1470 1428 1416 1378 1364 1336 1321 1275 1254 1160 1155 1071 1051 1006 998 949 924 886 876 840 820 777 758 
2143 2149 2165 2153 2150 2130 2106 2100 2081 2079 2062 2076 2095 2099 2120 2108 2093 2087 2076 2094 2108 2075 2060 2032 2014 1974 1949 1916 1899 1837 1787 1775 1772 1737 1705 1681 1668 1630 1601 1573 1559 1495 1441 1417 1399 1360 1331 1317 1301 1250 1200 1166 1172 1086 1040 1020 1014 957 914 875 860 812 776 752 739 
2121 2125 2122 2123 2130 2112 2104 2084 2072 2059 2047 2035 2045 2070 2073 2078 2092 2082 2085 2095 2078 2058 2052 2025 2002 1957 1940 1894 1871 1808 1803 1754 1754 1731 1706 1661 1646 1609 1599 1562 1545 1488 1468 1402 1381 1335 1334 1300 1280 1227 1201 1135 1106 1063 1067 1021 997 952 917 840 823 775 763 717 703 
2096 2090 2097 2102 2121 2095 2072 2060 2040 2028 2013 2016 2013 2037 2052 2066 2090 2074 2071 2073 2085 2046 2019 1995 1969 1937 1897 1869 1833 1793 1753 1739 1747 1704 1663 1643 1610 1589 1559 1543 1529 1475 1424 1388 1347 1329 1304 1282 1264 1201 1144 1097 1027 1034 1014 994 976 917 864 818 763 739 701 679 654 
2051 2044 2054 2068 2071 2075 2066 2047 2034 2002 2006 2004 2011 2016 2025 2046 2042 2053 2055 2044 2041 2023 2009 1967 1967 1925 1906 1855 1836 1781 1750 1703 1700 1677 1673 1638 1622 1579 1562 1522 1500 1459 1437 1379 1375 1333 1303 1260 1233 1172 1150 1082 1082 1032 1000 967 940 876 865 808 788 719 695 647 627 
2015 2011 2008 2034 2047 2042 2021 2022 2015 2000 1980 1999 2013 2014 2026 2025 2017 2032 2036 2029 2026 1995 1964 1958 1958 1914 1878 1840 1814 1752 1686 1672 1667 1644 1631 1617 1610 1566 1537 1493 1463 1422 1381 1367 1367 1316 1275 1233 1197 1141 1085 1072 1072 1017 975 937 904 851 803 783 763 702 652 609 582 
1968 1978 1997 2015 2018 2027 2025 2008 2003 2003 2004 1999 1997 2003 2009 2012 2014 2022 2012 2010 1997 1968 1971 1944 1928 1898 1880 1816 1797 1730 1708 1632 1610 1604 1605 1592 1572 1540 1522 1452 1434 1385 1380 1341 1324 1292 1265 1200 1167 1112 1101 1051 1023 992 971 902 878 822 813 759 724 675 645 557 516 
1911 1956 1981 2006 2024 2023 2018 2002 1981 1994 1999 2001 2006 2006 2009 2005 1996 2006 2002 1996 1976 1964 1949 1933 1908 1885 1850 1810 1764 1717 1657 1603 1521 1561 1560 1560 1528 1518 1486 1434 1364 1360 1333 1319 1285 1260 1204 1162 1084 1080 1044 1020 965 958 918 878 814 801 769 730 662 640 585 517 411 
